31 59 34 74 78 88 34 59 63 34 90 59 01 34 01 59
34 74 78 88 34 01 82 08 01 34 51 32 34 01 82 78
34 94 67 78 32 01 51 59 90 49 03 35 82 78 01 82
78 63 34 92 01 51 32 34 90 59 74 55 78 63 34 51
90 34 01 82 78 34 24 51 90 12 34 01 59 34 32 67
47 47 78 63 03 31 82 78 34 32 55 51 90 16 32 34
08 90 12 34 08 63 63 59 05 32 34 59 47 34 59 67
01 63 08 16 78 59 67 32 34 47 59 63 01 67 90 78
88 03 89 63 34 01 59 34 01 08 86 78 34 08 63 24
32 34 08 16 08 51 90 32 01 34 08 34 32 78 08 34
59 47 34 01 63 59 67 74 55 78 32 03 38 90 12 34
74 40 34 59 28 28 59 32 51 90 16 34 78 90 12 34
01 82 78 24 57 34 31 59 34 12 51 78 01 59 34 32
55 78 78 28 88 03 23 59 34 24 59 63 78 69 34 08
90 12 34 74 40 34 08 34 32 55 78 78 28 34 01 59
34 32 08 40 34 05 78 34 78 90 12 03 31 82 78 34
82 78 08 63 01 10 08 43 82 78 34 08 90 12 34 01
82 78 34 01 82 59 67 32 08 90 12 34 90 08 01 67
63 08 55 34 32 82 59 43 86 32 03 31 82 08 01 34
47 55 78 32 82 34 51 32 34 82 78 51 63 34 01 59
49 34 92 01 51 32 34 08 34 43 59 90 32 67 24 24
08 01 51 59 90 03 42 78 36 59 67 01 55 40 34 01
59 34 74 78 34 05 51 32 82 92 12 57 34 31 59 34
12 51 78 88 34 01 59 34 32 55 78 78 28 69 03 31
59 34 32 55 78 78 28 88 34 28 78 63 43 82 08 90
43 78 34 01 59 34 12 63 78 08 24 08 40 88 34 01
82 78 63 78 92 32 34 01 82 78 34 63 67 74 49 03
77 59 63 34 51 90 34 01 82 08 01 34 32 55 78 78
28 34 59 47 34 12 78 08 01 82 34 05 82 08 01 34
12 63 78 08 24 32 34 24 08 40 34 43 59 24 78 88
03 35 82 78 90 34 05 78 34 82 08 36 78 34 32 82
67 47 47 55 78 12 34 59 47 47 34 01 82 51 32 34
24 59 63 01 08 55 34 43 59 51 55 88 03 54 67 32
01 34 16 51 36 78 34 67 32 34 28 08 67 32 78 01
82 78 63 78 92 32 34 01 82 78 34 63 78 32 28 78
43 01 03 31 82 08 01 34 24 08 86 78 32 34 43 08
55 08 24 51 01 40 34 59 47 34 32 59 34 55 59 90
16 34 55 51 47 78 57 03 77 59 63 34 05 82 59 34
05 59 67 55 12 34 74 78 08 63 34 01 82 78 34 05
82 51 28 32 34 08 90 12 34 32 43 59 63 90 32 34
59 47 34 01 51 24 78 88 03 31 82 92 59 28 28 63
78 32 32 59 63 92 32 34 05 63 59 90 16 88 34 01
82 78 34 28 63 59 67 12 34 24 08 90 92 32 34 43
59 90 01 67 24 78 55 40 88 03 31 82 78 34 28 08
90 16 32 34 59 47 34 12 51 32 28 63 51 09 92 12
34 55 59 36 78 88 34 01 82 78 34 55 08 05 92 32
34 12 78 55 08 40 88 03 31 82 78 34 51 90 32 59
55 78 90 43 78 34 59 47 34 59 47 47 51 43 78 88
34 08 90 12 34 01 82 78 34 32 28 67 63 90 32 03
31 82 08 01 34 28 08 01 51 78 90 01 34 24 78 63
51 01 34 59 47 34 01 82 92 67 90 05 59 63 01 82
40 34 01 08 86 78 32 88 03 35 82 78 90 34 82 78
34 82 51 24 32 78 55 47 34 24 51 16 82 01 34 82
51 32 34 94 67 51 78 01 67 32 34 24 08 86 78 03
35 51 01 82 34 08 34 74 08 63 78 34 74 59 12 86
51 90 80 34 35 82 59 34 05 59 67 55 12 34 47 08
63 12 78 55 32 34 74 78 08 63 88 03 31 59 34 16
63 67 90 01 34 08 90 12 34 32 05 78 08 01 34 67
90 12 78 63 34 08 34 05 78 08 63 40 34 55 51 47
78 88 03 07 67 01 34 01 82 08 01 34 01 82 78 34
12 63 78 08 12 34 59 47 34 32 59 24 78 01 82 51
90 16 34 08 47 01 78 63 34 12 78 08 01 82 88 03
31 82 78 34 67 90 12 51 32 43 59 36 78 63 78 92
12 34 43 59 67 90 01 63 40 88 34 47 63 59 24 34
05 82 59 32 78 34 74 59 67 63 90 03 23 59 34 01
63 08 36 78 55 55 78 63 34 63 78 01 67 63 90 32
88 34 28 67 09 09 55 78 32 34 01 82 78 34 05 51
55 55 88 03 38 90 12 34 24 08 86 78 32 34 67 32
34 63 08 01 82 78 63 34 74 78 08 63 34 01 82 59
32 78 34 51 55 55 32 34 05 78 34 82 08 36 78 03
31 82 08 90 34 47 55 40 34 01 59 34 59 01 82 78
63 32 34 01 82 08 01 34 05 78 34 86 90 59 05 34
90 59 01 34 59 47 80 03 31 82 67 32 34 43 59 90
32 43 51 78 90 43 78 34 12 59 78 32 34 24 08 86
78 34 43 59 05 08 63 12 32 34 59 47 34 67 32 34
08 55 55 88 03 38 90 12 34 01 82 67 32 34 01 82
78 34 90 08 01 51 36 78 34 82 67 78 34 59 47 34
63 78 32 59 55 67 01 51 59 90 03 81 32 34 32 51
43 86 55 51 78 12 34 59 92 78 63 34 05 51 01 82
34 01 82 78 34 28 08 55 78 34 43 08 32 01 34 59
47 34 01 82 59 67 16 82 01 88 03 38 90 12 34 78
90 01 78 63 28 63 51 32 78 32 34 59 47 34 16 63
78 08 01 34 28 51 01 43 82 34 08 90 12 34 24 59
24 78 90 01 03 35 51 01 82 34 01 82 51 32 34 63
78 16 08 63 12 34 01 82 78 51 63 34 43 67 63 63
78 90 01 32 34 01 67 63 90 34 08 05 63 40 03 38
90 12 34 55 59 32 78 34 01 82 78 34 90 08 24 78
34 59 47 34 08 43 01 51 59 90 57 03 
